129
188
106
132
130
118
122
133
197
153
137
150
176
137
163
163
130
100
138
123
104
187
139
113
187
133
189
144
155
144
184
139
136
103
124
194
127
176
143
196
104
107
129
191
126
160
108
126
128
158
128
160
130
107
125
159
158
156
120
192
141
131
177
173
175
120
162
145
167
151
115
155
174
130
138
145
187
110
179
175
159
156
197
190
147
139
128
190
196
139
108
182
115
137
107
139
190
116
196
112
178
149
168
172
197
181
137
172
167
168
145
160
192
149
126
192
161
154
142
120
128
100
133
183
125
133
114
117
193
144
157
160
170
182
140
139
173
164
104
174
125
109
123
185
152
114
142
199
143
125
124
137
124
174
148
174
123
180
155
126
183
186
117
157
129
123
114
129
182
185
170
183
108
162
113
163
139
162
114
110
161
105
105
188
113
103
105
199
171
108
194
118
140
183
141
111
144
122
109
196
144
109
